2 2.7080000006662885e-05
5 2.6629999979377317e-05
10 3.1290000003991735e-05
12 3.2349999980851865e-05
15 3.591000003098088e-05
20 5.005000000437576e-05
30 6.839999998646818e-05
40 6.86699999960183e-05
45 8.01600000045255e-05
50 7.893000000649408e-05
55 9.360999998762055e-05
60 9.688000000096508e-05
75 0.00012741999998979736
100 0.00028176000001849387
125 0.00031032000000550395
160 0.0003761400000030335
200 0.0005786599999964892
250 0.0014577600000052371
350 0.0031358900000213906
500 0.009763150000014775
600 0.01646368999998913
800 0.029864689999965322
1000 0.04988469999997278
2000 0.2944130400000063
5000 3.3819905900000093
