2 4.382999999279491e-05
5 4.047999998419982e-05
10 5.6229999995593974e-05
12 5.493000001024484e-05
15 6.438000001480759e-05
20 7.783000003200869e-05
30 0.0003421599999910541
40 0.0001233300000080817
45 0.00013188000000354804
50 0.00014357000003428766
55 0.00017296999998279717
60 0.00017232000002422864
75 0.00026073000000224054
100 0.0005176000000119529
125 0.0006788300000380332
160 0.0008283299999789051
200 0.0015931300000033843
250 0.004268860000013319
350 0.008775939999998173
500 0.028767540000023926
600 0.04771103999997876
800 0.08591433000000279
1000 0.14958264999997936
2000 0.9844422500000064
5000 12.623243719999994
