2 0.00017970000003515453
5 7.873999998082581e-05
10 0.00010721999997258536
12 0.00015275999999175838
15 8.549999997740088e-05
20 8.971999995992519e-05
30 0.00010195999998359184
40 0.00011786000004576636
45 0.0001256600000033359
50 0.00012929999998050333
55 0.00014335999999275372
60 0.00014217999996617435
75 0.00020141999998486427
100 0.00024730000000090514
125 0.00043751999996857196
160 0.0007404799999221722
200 0.0009596400000191352
250 0.0012936999999965336
350 0.003079260000004069
500 0.008014320000120279
600 0.010693619999983639
800 0.02337883999998667
1000 0.048371480000014344
2000 0.2536664200000359
3000 0.631289839999954
5000 2.2405955999999607
