2 0.0025200600000061966
5 5.27400000464695e-05
10 0.00026641999997991663
12 6.373999995048507e-05
15 6.279999997786945e-05
20 0.00028679999995802065
30 0.00016128000002026965
40 0.0002002600000196253
45 0.00018126000009033305
50 0.0002052200000434823
55 0.0002495799999906012
60 0.00022302000006675372
75 0.00036644000001615493
100 0.00038445999994110027
125 0.0008363600000393489
160 0.0017414200000075652
200 0.0026184000000284867
250 0.0045285200000307665
350 0.012854340000058074
500 0.03312497999995685
600 0.04332016000003023
800 0.07925826000000598
1000 0.13954712000004293
2000 0.899262200000021
3000 2.6992623800000275
5000 11.039745079999966
