2 0.005949100000088947
5 9.523999997327338e-05
10 0.0001005399999939982
12 0.00010939999997390259
15 0.00010224000002381217
20 0.00011464000003797991
30 0.0001386200000069948
40 0.0001548999999613443
45 0.00016335999998773332
50 0.00016565999999329506
55 0.00018460000005688927
60 0.0001870000000053551
75 0.00023821999993742793
100 0.0005336399999123387
125 0.0005787399999917398
160 0.0011943200000587239
200 0.0017036599999755708
250 0.002318100000047707
350 0.005087479999929201
500 0.01358236000000943
600 0.017114600000013525
800 0.03432276000003185
1000 0.06439830000003895
2000 0.40306304000005183
3000 0.882572299999947
5000 3.179719560000058
