2 0.0009998000000450702
5 0.0002588399999694957
10 0.00017653999993854085
12 0.00015391999995699733
15 9.712000000945409e-05
20 0.00012457999996513537
30 0.000238500000023123
40 0.00016584000009061127
45 0.00017213999999512452
50 0.00016714000003048568
55 0.00018495999993319855
60 0.000185339999916323
75 0.00024390000003222668
100 0.0003121399999145069
125 0.0005622000000130356
160 0.0009619999999358697
200 0.0012830799999392184
250 0.0016942599999765662
350 0.004779059999964375
500 0.012751319999915722
600 0.01452686000002359
800 0.03381386000005478
1000 0.06167489999997997
2000 0.36486892000007176
3000 0.9391149999999925
5000 3.6404575799999295
