2 7.54199999391858e-05
5 7.497999999941384e-05
10 7.83799999680923e-05
12 0.00012032000004182918
15 7.76599999426253e-05
20 8.273999992525205e-05
30 9.674000002632966e-05
40 0.00011938000002373884
45 0.00011931999997614185
50 0.00012349999997240957
55 0.00013778000002275803
60 0.00014349999996738917
75 0.00018465999996806204
100 0.00023540000001958105
125 0.00042327999999542955
160 0.0006121200000052341
200 0.001027639999938401
250 0.0012720799999442534
350 0.0030251600000156032
500 0.006911239999999453
600 0.010691459999952713
800 0.02344840000005206
1000 0.04675570000003972
2000 0.2587404199999582
3000 0.6232129600000007
5000 2.2341767199999594
