2 3.68200000593788e-05
5 3.317999999126186e-05
10 3.5939999997935955e-05
12 3.63000000561442e-05
15 3.518000003168709e-05
20 4.9979999903371206e-05
30 7.246000000122876e-05
40 7.885999998507032e-05
45 8.600000001024455e-05
50 8.951999993769277e-05
55 0.0001033000000006723
60 0.00010215999996034952
75 0.00013564000000769737
100 0.00019053999999414374
125 0.0003920200000720797
160 0.000776960000030158
200 0.0008986800000002404
250 0.0012997199999063014
350 0.003911840000091616
500 0.012022939999997106
600 0.01483490000000529
800 0.02737993999999162
1000 0.04853093999995508
2000 0.28376474000001506
3000 0.8175626200000352
5000 3.1579492599999868
